2.3114
0.9501
0.42890000000000006
0.2234
0.1215
0.10850000000000001
0.1679
0.17910000000000004
0.2872
0.3361
0.4797
0.6073999999999999
0.6020000000000001
0.4871
0.1904
0.1386
0.1316
0.1154
0.1152
0.1224
0.1135
0.1085
0.1063
0.10370000000000001
0.1405
0.1225
0.1036
0.09809999999999999
0.0922
0.096
0.09440000000000001
0.12039999999999998
0.15300000000000002
0.09739999999999999
0.10880000000000001
0.1182
0.20529999999999998
0.14459999999999998
0.1353
0.1567
0.15739999999999998
0.1314
0.18250000000000002
0.1537
0.1213
0.1255
0.18159999999999998
0.14420000000000002
0.12179999999999999
0.14200000000000002
0.17310000000000003
0.1639
0.1646
0.185
0.25589999999999996
0.1744
0.17709999999999998
0.16219999999999998
0.15510000000000002
0.1408
0.1288
0.1348
0.1119
0.1077
0.10250000000000001
0.09730000000000001
0.10239999999999999
0.09659999999999999
0.09580000000000002
0.09209999999999999
0.099
0.1017
0.09260000000000002
0.08879999999999999
0.1013
0.1396
0.1464
0.1089
0.0974
0.1121
0.14350000000000002
0.1531
0.1151
0.175
0.1612
0.16349999999999998
0.1992
0.12079999999999999
0.1112
0.10190000000000002
0.10020000000000001
0.0958
0.09819999999999998
0.101
0.1109
0.11549999999999999
0.1271
0.1386
0.12140000000000001
0.1199
0.1617
0.15560000000000002
0.12240000000000001
0.13440000000000002
0.24480000000000002
0.1979
0.1514
0.1653
0.17059999999999997
0.19020000000000004
0.15990000000000001
0.14640000000000003
0.146
0.17529999999999996
0.1215
0.1182
0.13390000000000002
0.20700000000000002
0.1139
0.1499
0.29069999999999996
0.2844
0.1432
0.1049
0.1285
0.30510000000000004
0.2828
0.36519999999999997
0.1527
0.1525
0.12239999999999998
0.1169
0.10930000000000001
0.1181
0.1258
0.1428
0.2588
0.3326
1.02
1.8467
1.3142
0.8944000000000001
0.4225
0.2743
0.177
0.1622
0.17300000000000004
0.1603
0.13999999999999999
0.15899999999999997
0.16069999999999998
0.1455
0.1348
0.1525
0.15780000000000002
0.1411
0.145
0.18719999999999998
0.21100000000000002
0.2227
0.2183
0.16970000000000002
0.13290000000000002
0.1257
0.1245
0.1431
0.19889999999999997
0.3581
0.6686000000000001
0.9767000000000001
1.0842
0.8009
0.516
0.3367
0.22169999999999995
0.2452
0.23940000000000003
0.17160000000000003
0.1719
0.1931
0.1837
0.1659
0.18169999999999997
0.1935
0.18630000000000002
0.184
0.1659
0.179
0.1608
0.17729999999999999
0.1538
0.1407
0.1353
0.1442
0.1428
0.1738
0.1918
0.34550000000000003
0.5883
0.6538
0.7088000000000001
0.5440999999999999
0.4918
0.48529999999999995
0.322
0.23379999999999998
0.2649
0.33430000000000004
0.21889999999999998
0.22139999999999999
0.33119999999999994
0.27490000000000003
0.2273
0.1558
0.1468
0.14730000000000001
0.1386
0.14650000000000002
0.2656
0.4188
0.3359
0.2967
0.8259000000000001
1.5908
2.2001
2.7178000000000004
3.6723999999999997
3.7854
3.957
4.4731
4.7995
5.1448
5.1131
4.8
4.3175
3.7037999999999998
3.1984000000000004
2.7915
2.6780999999999997
2.1547
1.7497999999999996
1.2102
0.8001
0.6990000000000001
0.5672
0.4526
0.3858
0.33999999999999997
0.23959999999999998
0.19419999999999998
0.2223
0.2571
0.2327
0.24469999999999997
0.32289999999999996
0.4013
0.39359999999999995
0.2651
0.2899
0.2629
0.2527
0.1454
0.1336
0.13729999999999998
0.1295
0.13019999999999998
0.1247
0.12510000000000002
0.1514
0.1228
0.1381
0.16799999999999998
0.1301
0.2753
0.3677
0.4218
0.4022
0.8919000000000001
0.7962
0.7857000000000001
0.732
0.508
0.3559
0.3098
0.4882
0.5641
0.2612
0.29500000000000004
0.24980000000000002
0.1779
0.14759999999999998
0.1473
0.156
0.1516
0.21040000000000003
0.2298
0.2654
0.20029999999999998
0.2962
0.3475
0.25239999999999996
0.245
0.5746
0.8404
0.9939
0.7979
0.39770000000000005
0.4336
0.5757
0.4272
0.2103
0.173
0.15419999999999998
0.1452
0.1364
0.12669999999999998
0.12689999999999999
0.1397
0.132
0.1237
0.17260000000000003
0.2076
0.1418
0.1529
0.34650000000000003
0.8152000000000001
1.5266000000000002
2.9148000000000005
3.6445999999999996
