0.2563
0.1904
0.10200000000000001
0.0922
0.1671
0.19390000000000002
0.2782
0.308
0.34539999999999993
0.4334
0.5299999999999999
0.43279999999999996
0.1601
0.1373
0.1287
0.1048
0.10849999999999999
0.2116
0.10069999999999998
0.09490000000000001
0.09190000000000001
0.09029999999999999
0.16210000000000002
0.1296
0.1065
0.1045
0.19390000000000002
0.24999999999999997
0.1301
0.22139999999999999
0.2644
0.12440000000000001
0.1495
0.1708
0.2499
0.1659
0.1174
0.1386
0.1404
0.1411
0.21449999999999997
0.1487
0.10400000000000001
0.1112
0.18889999999999996
0.1335
0.10200000000000001
0.1182
0.1552
0.1475
0.1407
0.1429
0.21109999999999995
0.15489999999999998
0.13520000000000001
0.1298
0.1444
0.14839999999999998
0.10980000000000001
0.1134
0.09510000000000002
0.09169999999999999
0.0897
0.08560000000000001
0.09849999999999999
0.08679999999999999
0.0879
0.08399999999999999
0.09230000000000001
0.1068
0.0902
0.08360000000000001
0.1485
0.19279999999999997
0.1353
0.10070000000000001
0.08400000000000002
0.08580000000000002
0.0975
0.1374
0.0993
0.1546
0.1384
0.1412
0.1689
0.10980000000000001
0.096
0.0848
0.08660000000000001
0.0844
0.0897
0.09209999999999999
0.10370000000000001
0.11830000000000002
0.1615
0.23509999999999998
0.11550000000000002
0.1162
0.11349999999999999
0.12730000000000002
0.11610000000000001
0.1238
0.23010000000000003
0.20990000000000003
0.1389
0.1473
0.1568
0.17770000000000002
0.138
0.1365
0.12840000000000001
0.1599
0.1152
0.1071
0.1273
0.2101
0.1058
0.135
0.2652
0.3094
0.16329999999999997
0.1154
0.23219999999999996
0.3004
0.2529
0.3386
0.15500000000000003
0.14379999999999998
0.12190000000000001
0.1167
0.135
0.10719999999999999
0.1167
0.1568
0.38880000000000003
0.5452
1.1763000000000001
1.9179
1.7094999999999998
1.1375000000000002
0.7672
0.5214
0.2769
0.19329999999999997
0.20329999999999998
0.18860000000000002
0.1325
0.14529999999999998
0.1476
0.1336
0.12469999999999998
0.13680000000000003
0.1399
0.1256
0.12789999999999999
0.1578
0.1607
0.1621
0.17149999999999999
0.1496
0.1394
0.12680000000000002
0.1552
0.22829999999999995
0.41940000000000005
0.9519
2.1586999999999996
2.9375999999999998
2.8534000000000006
2.9535
2.3743000000000003
1.9444
1.571
0.7703
0.45189999999999997
0.2693
0.1824
0.21750000000000003
0.1684
0.152
0.16790000000000002
0.1773
0.1676
0.1724
0.1539
0.1604
0.149
0.17270000000000002
0.1481
0.12869999999999998
0.12369999999999999
0.133
0.13979999999999998
0.20820000000000002
0.1532
0.1747
0.5097
0.9163000000000001
0.9059
0.7328
0.5722
0.5514
0.3731
0.1907
0.2032
0.2608
0.1779
0.1617
0.2205
0.21259999999999998
0.2021
0.1434
0.1358
0.13380000000000003
0.1252
0.1289
0.1356
0.1474
0.1637
0.2001
0.3927
1.0226
1.8737000000000001
2.6577
3.4245
3.5908999999999995
3.7652
3.8453
4.0722000000000005
4.2044999999999995
3.7455999999999996
3.5289
3.2508000000000004
3.1148000000000002
2.7199999999999998
2.6038
2.4586
1.9685
1.081
0.5448000000000001
0.25599999999999995
0.2812
0.31610000000000005
0.30029999999999996
0.2635
0.2704
0.1697
0.15889999999999999
0.18309999999999998
0.20129999999999998
0.1612
0.1592
0.2519
0.287
0.26730000000000004
0.1726
0.2298
0.19540000000000002
0.1643
0.1306
0.1225
0.1192
0.11050000000000001
0.1133
0.1081
0.10750000000000001
0.1265
0.1053
0.1065
0.1085
0.1157
0.2147
0.1956
0.1789
0.22209999999999996
0.5269
0.233
0.16160000000000002
0.19990000000000002
0.20839999999999997
0.17859999999999998
0.1785
0.2845
0.23399999999999999
0.1644
0.2564
0.235
0.14800000000000002
0.11699999999999999
0.12229999999999999
0.15089999999999998
0.1487
0.18669999999999998
0.2042
0.2257
0.1607
0.25429999999999997
0.2696
0.1861
0.17550000000000004
0.34299999999999997
0.47279999999999994
0.4807
0.532
0.2865
0.3116
0.41569999999999996
0.3732
0.17880000000000001
0.1497
0.12890000000000001
0.1252
0.1228
0.112
0.11069999999999999
0.12179999999999999
0.1184
0.11449999999999999
0.1915
0.1976
0.1313
0.1275
0.25949999999999995
0.5302
1.5473
2.7586
3.6130000000000004
