2.3665
1.1355
0.5367
0.3196
0.1659
0.134
0.2417
0.2897
0.44919999999999993
0.5407
0.7517
1.0468
0.8802
0.7195
0.7096
0.2381
0.17980000000000002
0.1419
0.1401
0.1832
0.1483
0.128
0.1787
0.129
0.1672
0.1531
0.118
0.1122
0.12010000000000001
0.13440000000000002
0.1114
0.1451
0.20639999999999997
0.11499999999999999
0.12279999999999999
0.1291
0.2466
0.1844
0.16300000000000003
0.1832
0.177
0.1427
0.22340000000000004
0.2046
0.1341
0.151
0.21989999999999998
0.15910000000000002
0.1367
0.16030000000000003
0.1962
0.1897
0.19249999999999995
0.2023
0.2687
0.195
0.19649999999999998
0.17669999999999997
0.1808
0.1623
0.14980000000000002
0.15990000000000001
0.13229999999999997
0.1281
0.11859999999999998
0.11300000000000002
0.12500000000000003
0.1179
0.11280000000000001
0.1068
0.11549999999999998
0.1308
0.11539999999999997
0.1051
0.11730000000000002
0.1422
0.17160000000000003
0.1427
0.11560000000000001
0.1412
0.18630000000000002
0.175
0.1381
0.2152
0.2109
0.1815
0.2051
0.1402
0.13529999999999998
0.1199
0.1182
0.11300000000000002
0.1144
0.11549999999999999
0.12369999999999999
0.1301
0.15839999999999999
0.2055
0.1405
0.1399
0.1808
0.18869999999999998
0.1445
0.1447
0.24230000000000002
0.2059
0.16729999999999998
0.1845
0.2033
0.22999999999999998
0.1743
0.1661
0.1653
0.19520000000000004
0.1379
0.13140000000000002
0.1531
0.2409
0.1288
0.1473
0.2678
0.2768
0.175
0.1265
0.17670000000000002
0.36739999999999995
0.347
0.4214
0.1749
0.17669999999999997
0.1306
0.12969999999999998
0.129
0.1412
0.15569999999999998
0.1567
0.2964
0.3096
0.9896
1.8960000000000001
1.3335999999999997
0.6653
0.46329999999999993
0.3825
0.24320000000000003
0.18520000000000003
0.20639999999999997
0.18410000000000004
0.1539
0.17159999999999997
0.1708
0.1577
0.1468
0.15990000000000001
0.1689
0.1557
0.15500000000000003
0.2157
0.27259999999999995
0.2723
0.2384
0.1918
0.15410000000000001
0.1457
0.1476
0.24230000000000002
0.6925000000000001
1.1503
2.2608
2.9947999999999997
2.9281
2.6491
1.9634999999999998
1.1483
0.654
0.4246
0.29289999999999994
0.186
0.1832
0.2079
0.20249999999999996
0.17900000000000002
0.19590000000000002
0.20289999999999997
0.1956
0.2067
0.18769999999999998
0.19840000000000002
0.1769
0.1945
0.18520000000000003
0.15610000000000002
0.15400000000000003
0.20579999999999998
0.6684
0.9736
1.1795
1.4205
1.6705
1.7903000000000002
1.5052
1.2485000000000002
0.9865999999999999
0.9304
0.7587999999999999
0.4989
0.3842
0.3864000000000001
0.2813
0.2737
0.34459999999999996
0.34009999999999996
0.2817
0.17880000000000001
0.1657
0.165
0.18680000000000002
0.30979999999999996
0.7791000000000001
0.9097999999999999
1.2401
1.5501999999999998
1.8634
2.2336
2.8007999999999997
2.9620999999999995
3.9009
3.7624000000000004
3.7733999999999996
4.140899999999999
4.4758
4.5183
4.224600000000001
4.0251
3.6773
3.3449
2.7898999999999994
2.4131
2.7609000000000004
2.3982
2.1452
2.1315
2.0604
1.9855999999999996
1.9399
1.7445
1.6705999999999999
1.0476
0.6697
0.48250000000000004
0.3338
0.3499
0.2872
0.2794
0.42779999999999996
0.5235000000000001
0.5051999999999999
0.3771
0.3467
0.27249999999999996
0.24599999999999997
0.16360000000000002
0.15429999999999996
0.17519999999999997
0.16409999999999997
0.1544
0.1746
0.1456
0.1846
0.1348
0.16319999999999998
0.172
0.1676
0.5477000000000001
0.6908000000000001
0.7187
0.7134000000000001
1.0901
1.0128
1.0468
0.9747
0.6347
0.44930000000000003
0.39680000000000004
0.5271999999999999
0.5664
0.29209999999999997
0.31070000000000003
0.2281
0.1951
0.1603
0.1644
0.16690000000000005
0.1704
0.2455
0.27240000000000003
0.31689999999999996
0.349
0.4543
0.5294
0.5569999999999999
0.4859
0.6954
0.9284000000000001
0.8907
0.8002
0.45829999999999993
0.4849
0.5185
0.4628
0.2581
0.2032
0.1976
0.17650000000000002
0.15949999999999998
0.15810000000000002
0.15389999999999998
0.1765
0.1601
0.1487
0.2238
0.257
0.1761
0.1969
0.36660000000000004
0.9514
1.6984000000000001
2.2978
2.7577999999999996
3.5366
