2.3056
1.0666000000000002
0.40260000000000007
0.1785
0.09999999999999998
0.0915
0.1395
0.1773
0.2746
0.3108
0.3133
0.40659999999999996
0.42889999999999995
0.3855
0.15550000000000003
0.12310000000000001
0.11870000000000003
0.1108
0.11510000000000001
0.21559999999999996
0.1122
0.10790000000000001
0.1046
0.0997
0.10520000000000002
0.11630000000000001
0.18480000000000002
0.1436
0.1197
0.11979999999999999
0.1103
0.1308
0.2
0.091
0.13040000000000002
0.11130000000000001
0.19630000000000003
0.1278
0.11679999999999999
0.13069999999999998
0.1212
0.1219
0.17559999999999998
0.1601
0.1095
0.11019999999999999
0.19039999999999999
0.14500000000000002
0.1119
0.12109999999999999
0.16659999999999997
0.1506
0.1415
0.1582
0.2256
0.1678
0.1552
0.148
0.14390000000000003
0.13640000000000002
0.12029999999999999
0.12350000000000001
0.10279999999999999
0.10020000000000001
0.0979
0.0943
0.1036
0.09440000000000001
0.0948
0.09009999999999999
0.0988
0.09949999999999999
0.09590000000000001
0.089
0.16099999999999998
0.19279999999999997
0.1439
0.1106
0.0934
0.0902
0.09659999999999999
0.13319999999999999
0.10029999999999999
0.1504
0.126
0.1469
0.1663
0.1102
0.09819999999999998
0.0916
0.09040000000000001
0.09209999999999999
0.0923
0.09449999999999999
0.10720000000000002
0.1305
0.15719999999999998
0.20729999999999998
0.1528
0.12680000000000002
0.11689999999999999
0.1383
0.14150000000000001
0.11979999999999999
0.1539
0.15360000000000001
0.1365
0.14709999999999998
0.1614
0.15699999999999997
0.1316
0.13879999999999998
0.1261
0.1442
0.10980000000000001
0.1069
0.1293
0.2162
0.09940000000000002
0.1159
0.2522
0.2867
0.1936
0.10540000000000001
0.2475
0.354
0.2557
0.3056
0.14350000000000002
0.1452
0.1052
0.1047
0.13419999999999999
0.11299999999999999
0.1366
0.1832
0.40720000000000006
0.9133
1.6454
2.4554
1.9302000000000001
1.4518999999999997
0.732
0.44920000000000004
0.2611
0.23669999999999997
0.19649999999999998
0.1873
0.14250000000000002
0.1512
0.1459
0.1326
0.12490000000000001
0.13460000000000003
0.1353
0.12110000000000001
0.1235
0.1522
0.1467
0.1432
0.1557
0.159
0.1225
0.12419999999999999
0.1843
0.2023
0.30210000000000004
1.0069
2.361
3.1215
3.2709
2.9979000000000005
2.6434
2.6266
2.2132
1.2872
0.8592000000000001
0.6347
0.33100000000000007
0.3119
0.1909
0.1545
0.1632
0.1746
0.1635
0.1696
0.15150000000000002
0.1609
0.1471
0.1567
0.15100000000000002
0.1303
0.12969999999999998
0.14170000000000002
0.1376
0.1442
0.1548
0.1672
0.42879999999999996
0.9362000000000001
1.2106
0.937
0.6215999999999999
0.5522
0.43279999999999996
0.2323
0.2342
0.27040000000000003
0.19439999999999996
0.1819
0.2903
0.2651
0.2448
0.145
0.1411
0.1418
0.1356
0.1425
0.15760000000000002
0.1923
0.1726
0.1652
0.203
0.8382000000000001
1.5628
1.9628
2.3803
2.2232
2.3565
2.8172
2.8484999999999996
3.0653
3.0431999999999997
2.961
2.7364000000000006
2.5844999999999994
2.5103
2.639
2.4088000000000003
2.0643000000000002
1.4623999999999997
0.9872000000000001
0.7544
0.673
0.7276
0.5785
0.3437
0.2798
0.19649999999999998
0.17609999999999998
0.1982
0.18119999999999997
0.16870000000000002
0.1684
0.2454
0.3028
0.2487
0.172
0.23229999999999998
0.1883
0.17360000000000003
0.1404
0.1396
0.1343
0.1243
0.1283
0.1226
0.1252
0.2334
0.1227
0.12140000000000001
0.1281
0.12390000000000001
0.177
0.16310000000000002
0.1653
0.18779999999999997
0.4951
0.2327
0.3422
0.305
0.22350000000000003
0.2501
0.2946
0.31930000000000003
0.2729
0.1776
0.2865
0.28600000000000003
0.1674
0.12860000000000002
0.1354
0.1455
0.1424
0.1826
0.2058
0.2269
0.1699
0.2355
0.2915
0.2105
0.19149999999999998
0.4262
0.602
0.6202000000000001
0.5594
0.2808
0.2953
0.367
0.3359
0.17020000000000002
0.16599999999999998
0.1425
0.13729999999999998
0.1327
0.12439999999999998
0.11789999999999998
0.1278
0.12229999999999999
0.1134
0.1459
0.1794
0.1254
0.1215
0.2122
0.37870000000000004
1.1804000000000001
