2.1344
1.2904
0.596
0.3308
0.1946
0.1859
0.2637
0.3041
0.3268
0.3347
0.4377
0.6559000000000001
0.5738
0.5556
0.31120000000000003
0.2324
0.2111
0.196
0.1991
0.20870000000000002
0.192
0.178
0.1733
0.16960000000000003
0.22600000000000003
0.2631
0.177
0.1683
0.18039999999999998
0.1919
0.16469999999999999
0.19419999999999998
0.2687
0.1654
0.1664
0.18409999999999999
0.29410000000000003
0.20850000000000002
0.19440000000000002
0.2105
0.1961
0.18409999999999999
0.2833
0.266
0.18270000000000003
0.19479999999999997
0.24720000000000003
0.20290000000000002
0.1895
0.20990000000000003
0.2403
0.2469
0.23060000000000003
0.24070000000000003
0.3387
0.2736
0.2547
0.2378
0.227
0.22109999999999996
0.20729999999999998
0.2092
0.182
0.17930000000000001
0.1726
0.1643
0.1755
0.16909999999999997
0.1658
0.1632
0.17099999999999999
0.1875
0.1654
0.15960000000000002
0.18710000000000002
0.2025
0.20229999999999998
0.1793
0.1599
0.17409999999999998
0.2202
0.19490000000000002
0.18330000000000002
0.238
0.23609999999999998
0.2328
0.2702
0.20739999999999997
0.17709999999999998
0.166
0.1707
0.1696
0.1713
0.1665
0.1758
0.179
0.19490000000000002
0.22560000000000002
0.1915
0.1918
0.2162
0.23719999999999997
0.19490000000000002
0.213
0.3002
0.2783
0.2153
0.24329999999999996
0.24019999999999997
0.27290000000000003
0.2232
0.2057
0.20370000000000002
0.2489
0.1862
0.18380000000000002
0.1929
0.22870000000000001
0.1765
0.1983
0.31000000000000005
0.3338
0.31789999999999996
0.17830000000000001
0.202
0.3599
0.3483
0.4161
0.20190000000000002
0.2414
0.21009999999999998
0.19779999999999998
0.185
0.1794
0.186
0.20290000000000002
0.27190000000000003
0.3571000000000001
1.1316
1.9662000000000002
1.4683
0.7071999999999999
0.398
0.34309999999999996
0.242
0.2188
0.2342
0.2191
0.1981
0.2102
0.2133
0.20180000000000003
0.1983
0.2153
0.23460000000000003
0.2154
0.2072
0.24979999999999997
0.2598
0.2761
0.27449999999999997
0.22160000000000002
0.19639999999999996
0.1956
0.19389999999999996
0.21960000000000002
0.34670000000000006
0.665
1.4651
1.8789000000000002
1.8485
1.5284
1.0316
0.6809000000000001
0.40909999999999996
0.3559
0.31520000000000004
0.22920000000000001
0.23820000000000002
0.2623
0.2359
0.2223
0.23600000000000004
0.24480000000000002
0.23570000000000002
0.25780000000000003
0.22469999999999996
0.23870000000000002
0.23399999999999999
0.2445
0.22359999999999997
0.2054
0.20440000000000003
0.21459999999999996
0.2248
0.235
0.3105
0.5430999999999999
0.7988999999999999
1.0149
0.9582999999999999
0.6557999999999999
0.5148
0.511
0.3675
0.2671
0.30219999999999997
0.3701
0.2768
0.28909999999999997
0.3853
0.35409999999999997
0.3209
0.2259
0.2229
0.22249999999999998
0.2138
0.2216
0.25680000000000003
0.3435
0.32239999999999996
0.399
0.8483
1.6934999999999998
2.5245
2.9943
4.1453
4.3
4.7133
5.275500000000001
5.724
5.552200000000001
5.7889
5.7364999999999995
5.1357
4.9103
4.5299
4.0339
4.0357
3.4185
2.9319
2.6388
2.3131
1.7141000000000002
1.6005
1.4847000000000001
1.2118000000000002
0.754
0.6449
0.5237
0.3413
0.35609999999999997
0.2952
0.3014
0.4008
0.40890000000000004
0.4063
0.34320000000000006
0.38029999999999997
0.31399999999999995
0.29869999999999997
0.2284
0.21559999999999999
0.2278
0.2141
0.20329999999999998
0.19629999999999997
0.1908
0.24109999999999998
0.19690000000000002
0.2381
0.2146
0.1996
0.3278
0.4173
0.43779999999999997
0.37439999999999996
0.6703000000000001
0.4551
0.6356999999999999
0.6259000000000001
0.48
0.33940000000000003
0.31700000000000006
0.49459999999999993
0.5673
0.3093
0.3478
0.27399999999999997
0.2328
0.20649999999999996
0.22290000000000001
0.22610000000000002
0.2263
0.2474
0.2807
0.3327
0.2787
0.31400000000000006
0.34690000000000004
0.3064
0.2984
0.41600000000000004
0.6177
0.7723000000000001
0.7727999999999999
0.399
0.4232
0.5147
0.5437
0.3689
0.2736
0.2498
0.24449999999999997
0.2253
0.2188
0.2134
0.21540000000000004
0.2072
0.2132
0.2572
0.28950000000000004
0.214
0.2308
0.4589
0.8296000000000001
1.7595
2.6258
3.016
3.931
