2.1729
1.1323999999999999
0.5665
0.2773
0.1293
0.1135
0.1642
0.2345
0.36760000000000004
0.4065
0.47609999999999997
0.601
0.5105
0.34430000000000005
0.1779
0.1429
0.142
0.1194
0.12220000000000002
0.1395
0.1132
0.1116
0.10969999999999999
0.1069
0.1438
0.13449999999999998
0.10620000000000002
0.0983
0.0912
0.0929
0.093
0.10919999999999999
0.1858
0.096
0.10800000000000001
0.12090000000000001
0.23019999999999996
0.141
0.1385
0.1579
0.15030000000000002
0.1378
0.198
0.1637
0.1252
0.1361
0.1844
0.15199999999999997
0.13069999999999998
0.1539
0.1881
0.1676
0.1659
0.1908
0.2733
0.1812
0.16620000000000001
0.1753
0.16899999999999998
0.1609
0.13579999999999998
0.13740000000000002
0.11399999999999999
0.111
0.10139999999999999
0.0965
0.1
0.0958
0.09419999999999999
0.0895
0.0965
0.0983
0.0923
0.08809999999999998
0.1124
0.1596
0.18050000000000005
0.12390000000000001
0.10350000000000001
0.1251
0.1735
0.1729
0.1184
0.174
0.17160000000000003
0.1533
0.18529999999999996
0.1237
0.1106
0.1006
0.0996
0.09989999999999999
0.0949
0.09910000000000001
0.1101
0.1144
0.12259999999999999
0.1368
0.1206
0.11960000000000001
0.1484
0.1437
0.12040000000000001
0.14200000000000002
0.25479999999999997
0.19430000000000003
0.1582
0.1955
0.18269999999999997
0.2106
0.1598
0.14500000000000002
0.1449
0.17919999999999997
0.1261
0.1202
0.1454
0.19649999999999998
0.11109999999999998
0.1348
0.2546
0.2541
0.15630000000000002
0.10729999999999998
0.14679999999999999
0.2949
0.2712
0.35930000000000006
0.17980000000000002
0.1575
0.11909999999999998
0.12169999999999999
0.10949999999999999
0.11179999999999998
0.11330000000000001
0.14329999999999998
0.1923
0.33299999999999996
0.81
1.5130000000000001
1.4823
1.0929
0.6967999999999999
0.4788
0.24730000000000002
0.1762
0.2244
0.2178
0.1498
0.1537
0.1593
0.14600000000000002
0.1343
0.14989999999999998
0.1548
0.1413
0.144
0.1935
0.2041
0.21100000000000002
0.22290000000000001
0.1976
0.1639
0.1261
0.12359999999999999
0.1403
0.18780000000000002
0.653
1.7031
2.3702000000000005
2.6386000000000003
2.4421
1.9185000000000003
1.0644
0.6279999999999999
0.308
0.2604
0.1961
0.17559999999999998
0.19680000000000003
0.1784
0.1661
0.18130000000000002
0.1986
0.1911
0.20139999999999997
0.17250000000000004
0.1836
0.16010000000000002
0.1809
0.16469999999999999
0.13999999999999999
0.1331
0.1439
0.1413
0.1573
0.1628
0.17400000000000002
0.3078
0.5264
0.5293
0.5499
0.3613
0.3709
0.2685
0.19029999999999997
0.20749999999999996
0.23110000000000003
0.18130000000000002
0.1775
0.23729999999999998
0.2259
0.1994
0.1522
0.1446
0.1442
0.1355
0.1442
0.16119999999999998
0.19460000000000002
0.17559999999999998
0.20029999999999998
0.5362
1.3125
2.4294000000000002
3.0348
3.8514
4.1306
4.5327
4.6925
4.7608999999999995
4.9139
4.851
4.6906
4.6754
4.2339
3.7577000000000007
3.2752
2.8422
2.286
1.3699
0.7648999999999999
0.3509
0.30899999999999994
0.3666
0.27340000000000003
0.21760000000000002
0.2505
0.18359999999999999
0.1665
0.18969999999999998
0.18770000000000003
0.174
0.18069999999999997
0.2653
0.3166
0.26280000000000003
0.18369999999999997
0.247
0.202
0.16349999999999998
0.144
0.13210000000000002
0.1446
0.1279
0.13399999999999998
0.12890000000000001
0.1311
0.1483
0.12880000000000003
0.1383
0.1363
0.1254
0.2157
0.2893
0.3994
0.3285
0.5099
0.45570000000000005
0.5451
0.6119999999999999
0.38280000000000003
0.2868
0.2506
0.3442
0.3275
0.18000000000000002
0.21789999999999998
0.22350000000000003
0.1773
0.1422
0.1555
0.1596
0.1512
0.19319999999999998
0.20320000000000002
0.2387
0.19889999999999997
0.2514
0.2491
0.2162
0.18669999999999998
0.33840000000000003
0.4222
0.38799999999999996
0.37640000000000007
0.23470000000000002
0.2671
0.4233
0.38689999999999997
0.19270000000000004
0.16169999999999995
0.1714
0.1514
0.1385
0.1344
0.12660000000000002
0.1353
0.13140000000000002
0.12890000000000001
0.1694
0.24079999999999996
0.15159999999999998
0.28700000000000003
0.54
1.0362
1.8041999999999998
2.7634000000000003
