2.6729
1.2499
0.5280999999999999
0.2729
0.12410000000000002
0.12040000000000001
0.20530000000000004
0.2475
0.3474
0.39339999999999997
0.4741
0.5720000000000001
0.4678
0.4143
0.20389999999999997
0.19590000000000002
0.18130000000000002
0.139
0.1451
0.22249999999999998
0.1353
0.129
0.1276
0.12090000000000001
0.22190000000000004
0.19639999999999996
0.1378
0.12109999999999999
0.1301
0.1152
0.1132
0.1565
0.20419999999999996
0.11370000000000002
0.1405
0.1437
0.24840000000000004
0.16920000000000002
0.1491
0.17410000000000003
0.16060000000000002
0.1521
0.2653
0.2366
0.1461
0.15639999999999998
0.2143
0.1684
0.14329999999999998
0.1675
0.19760000000000003
0.2118
0.198
0.2191
0.3135
0.21389999999999998
0.20999999999999996
0.20079999999999998
0.1893
0.1859
0.14600000000000002
0.1397
0.12090000000000001
0.12
0.1132
0.1119
0.12719999999999998
0.1177
0.117
0.1103
0.1253
0.1397
0.1126
0.1034
0.1295
0.1375
0.1607
0.12340000000000001
0.10760000000000003
0.1312
0.2022
0.16770000000000002
0.1307
0.1687
0.19130000000000003
0.17120000000000002
0.1871
0.1352
0.12210000000000001
0.1109
0.10969999999999999
0.12129999999999999
0.1128
0.11549999999999999
0.13240000000000002
0.153
0.16670000000000001
0.1856
0.1579
0.16649999999999998
0.2091
0.23820000000000002
0.16709999999999997
0.1713
0.2691
0.2047
0.18080000000000002
0.20139999999999997
0.19690000000000002
0.2137
0.1818
0.1857
0.1661
0.197
0.1512
0.13940000000000002
0.1577
0.2142
0.1259
0.13779999999999998
0.2266
0.24829999999999997
0.19210000000000002
0.1134
0.20130000000000003
0.3368
0.3296
0.38
0.1583
0.15800000000000003
0.1327
0.1449
0.1547
0.14350000000000002
0.1738
0.18009999999999998
0.2188
0.3407
0.8697
1.5768
1.2985
0.8816999999999999
0.5868
0.4739
0.313
0.24019999999999997
0.2692
0.2445
0.19380000000000003
0.18680000000000002
0.19230000000000003
0.1733
0.1598
0.1761
0.1815
0.15910000000000002
0.1612
0.20879999999999999
0.21330000000000002
0.2006
0.1884
0.188
0.1704
0.16160000000000002
0.1714
0.196
0.3218
0.8796999999999999
2.1561
2.8176
3.1008999999999998
2.7693000000000003
2.3422
1.7201
1.2856
0.5533000000000001
0.3832
0.25429999999999997
0.2131
0.2556
0.2279
0.19729999999999998
0.2169
0.23360000000000003
0.2148
0.2154
0.1948
0.2009
0.18680000000000002
0.19039999999999999
0.18409999999999999
0.16660000000000003
0.1608
0.1895
0.2166
0.181
0.19190000000000002
0.21700000000000003
0.4669000000000001
0.6471
0.6839
0.6604
0.4623
0.45470000000000005
0.39760000000000006
0.2276
0.25539999999999996
0.2933
0.22560000000000002
0.2159
0.249
0.2764
0.24210000000000004
0.1897
0.17400000000000002
0.1755
0.16669999999999996
0.17920000000000003
0.2289
0.2686
0.23609999999999998
0.30500000000000005
0.9971000000000001
1.8984
2.878
3.3950000000000005
3.9961
4.302300000000001
4.5857
4.8237000000000005
5.042400000000001
5.3125
5.1754
5.2294
5.079599999999999
5.0708
4.8047
4.4415
4.236800000000001
3.3526
2.1169000000000002
1.2321
0.7585
0.5331
0.4735
0.34229999999999994
0.2864
0.2974
0.2218
0.2096
0.213
0.22850000000000004
0.2131
0.20649999999999996
0.2783
0.3194
0.2764
0.2092
0.26890000000000003
0.2414
0.1996
0.16920000000000002
0.16669999999999996
0.1753
0.1588
0.15949999999999998
0.15839999999999999
0.1532
0.2231
0.1495
0.1704
0.2002
0.16659999999999997
0.3416
0.4804999999999999
0.6071
0.6798
1.0538999999999998
0.5337
0.3154
0.4417
0.39459999999999995
0.299
0.2808
0.4524
0.4024
0.263
0.2908
0.2953
0.20149999999999998
0.1629
0.20380000000000004
0.19590000000000002
0.1916
0.24569999999999997
0.27090000000000003
0.3046
0.2842
0.26739999999999997
0.3345
0.29300000000000004
0.2205
0.3766999999999999
0.5561
0.5842999999999999
0.6002
0.28049999999999997
0.33540000000000003
0.42989999999999995
0.389
0.19580000000000003
0.19119999999999998
0.181
0.16809999999999997
0.1542
0.14589999999999997
0.1385
0.1489
0.14600000000000002
0.13790000000000002
0.2046
0.19929999999999998
0.1478
0.17659999999999998
0.2661
0.5853999999999999
1.2481
1.9746000000000001
2.646
