2.2384
0.8220999999999999
0.4245
0.27590000000000003
0.13820000000000002
0.0968
0.1546
0.2138
0.37229999999999996
0.4414
0.5295000000000001
0.7425000000000002
0.7672999999999999
0.5681
0.3428
0.1305
0.1101
0.0983
0.10499999999999998
0.1286
0.0925
0.0847
0.0913
0.09190000000000001
0.18120000000000003
0.1458
0.1028
0.08349999999999999
0.12029999999999999
0.11349999999999999
0.0886
0.13419999999999999
0.20590000000000003
0.10250000000000001
0.0978
0.11790000000000002
0.22060000000000002
0.1386
0.12840000000000001
0.11459999999999998
0.1264
0.10439999999999999
0.1407
0.1136
0.09179999999999999
0.1122
0.17000000000000004
0.1212
0.1009
0.1265
0.17149999999999999
0.1799
0.1602
0.1367
0.20090000000000002
0.1618
0.165
0.1597
0.1202
0.11730000000000002
0.1121
0.1246
0.093
0.0954
0.0842
0.0797
0.08529999999999999
0.08510000000000001
0.07830000000000001
0.07519999999999999
0.08570000000000001
0.10250000000000001
0.1296
0.0745
0.1262
0.14550000000000002
0.1753
0.1247
0.0819
0.1003
0.1283
0.1668
0.1051
0.18589999999999998
0.147
0.14570000000000002
0.18419999999999997
0.1071
0.08910000000000001
0.08199999999999999
0.08360000000000001
0.0863
0.09720000000000001
0.0799
0.0859
0.0888
0.10569999999999999
0.13990000000000002
0.1078
0.1041
0.1718
0.17060000000000003
0.1051
0.1283
0.2742
0.2005
0.14200000000000002
0.1442
0.14889999999999998
0.17850000000000002
0.1322
0.1221
0.122
0.1713
0.1147
0.0963
0.11050000000000001
0.19690000000000002
0.11599999999999999
0.1329
0.2651
0.25960000000000005
0.1528
0.1084
0.2068
0.40769999999999995
0.2762
0.3494999999999999
0.1585
0.1782
0.11880000000000002
0.1043
0.0935
0.1084
""
0.1359
0.26780000000000004
0.34240000000000004
1.0752
1.7268
1.19
0.5653
0.33320000000000005
0.2842
0.1849
0.1524
0.17070000000000002
0.1238
0.1064
0.1274
0.12260000000000001
0.112
0.11960000000000001
0.1167
0.11919999999999999
0.1152
0.1167
0.1762
0.20999999999999996
0.20890000000000003
0.1778
0.1524
0.1202
0.1073
0.10120000000000001
0.1335
0.19240000000000002
0.3763
1.1111
1.4564000000000001
1.1671
0.9406000000000001
0.5816
0.37929999999999997
0.1745
0.2183
0.2104
0.128
0.1285
0.1564
0.1382
0.1244
0.14190000000000003
0.1427
0.1381
0.1407
0.14200000000000002
0.1654
0.1304
0.16999999999999998
0.15919999999999995
0.1152
0.1078
0.11579999999999999
0.11980000000000002
0.1212
0.1255
0.1576
0.34609999999999996
0.2535
0.2279
0.19329999999999997
0.20850000000000002
0.2732
0.22909999999999997
0.2019
0.2531
0.2862
0.24379999999999996
0.24359999999999998
0.3063
0.2628
0.23710000000000003
0.1264
0.1181
0.11779999999999999
0.109
0.11080000000000001
0.1481
0.22210000000000002
0.17769999999999997
0.2781
0.5530999999999999
0.909
1.5318999999999998
2.0338
2.6319
2.7495000000000003
2.9615
3.0697
2.7821999999999996
2.8058000000000005
2.5149
2.5949999999999998
2.4685000000000006
2.3859
2.2563
1.9504
1.9527
1.4087999999999998
0.8857999999999999
0.475
0.29289999999999994
0.3146
0.4075
0.4828
0.5287
0.41530000000000006
0.1996
0.12990000000000002
0.16559999999999997
0.1811
0.1739
0.2107
0.4636
0.5498
0.5985
0.45999999999999996
0.42869999999999997
0.3163
0.24280000000000002
0.1262
0.1355
0.1471
0.13699999999999998
0.1068
0.10569999999999999
0.10389999999999999
0.1472
0.0999
0.1431
0.1511
0.1333
0.31170000000000003
0.39449999999999996
0.41200000000000003
0.4282
0.8952
0.7989999999999999
0.9299
0.8190999999999999
0.4985
0.3228
0.2952
0.4131
0.4818
0.2051
0.28959999999999997
0.2182
0.2072
0.1649
0.1376
0.12380000000000001
0.1306
0.1567
0.17809999999999998
0.21859999999999996
0.195
0.2564
0.2642
0.1911
0.1889
0.4001
0.5338
0.6769999999999999
0.6676000000000002
0.41889999999999994
0.40370000000000006
0.5206000000000001
0.4060999999999999
0.19940000000000002
0.1904
0.17470000000000002
0.165
0.1315
0.1377
0.11149999999999999
0.11980000000000002
0.12330000000000002
0.1162
0.20639999999999997
0.2267
0.1453
0.1649
0.4023
0.7408999999999999
1.5098000000000003
2.4932999999999996
3.1144000000000007
