2.3775
1.1071
0.543
0.2661
0.1442
0.1116
0.1774
0.192
0.2506
0.3083
0.47309999999999997
0.7218
0.6587999999999999
0.4731000000000001
0.1872
0.1286
0.1023
0.088
0.10149999999999999
0.1627
0.0709
0.0684
0.07769999999999999
0.14629999999999999
0.46019999999999994
0.5148
0.22139999999999999
0.11460000000000001
0.2244
0.2636
0.18009999999999998
0.2059
0.30489999999999995
0.0972
0.08180000000000001
0.1013
0.2262
0.1254
0.09970000000000001
0.1355
0.1423
0.127
0.1578
0.1464
0.09840000000000002
0.10420000000000001
0.17639999999999995
0.11719999999999997
0.0974
0.1311
0.1562
0.15949999999999998
0.173
0.152
0.20939999999999998
0.15660000000000002
0.1755
0.126
0.13290000000000002
0.11579999999999999
0.0961
0.1035
0.07840000000000001
0.0793
0.07869999999999999
0.09660000000000002
0.08099999999999999
0.1071
0.08429999999999999
0.08100000000000002
0.09139999999999998
0.10260000000000002
0.11749999999999998
0.1457
0.22970000000000002
0.2479
0.18710000000000002
0.14400000000000002
0.07579999999999999
0.12439999999999998
0.15139999999999998
0.1189
0.0929
0.23210000000000003
0.1469
0.1457
0.25460000000000005
0.09620000000000001
0.082
0.0681
0.0671
0.087
0.0768
0.0766
0.07139999999999999
0.08109999999999999
0.0993
0.1272
0.15009999999999998
0.1101
0.1538
0.1542
0.11100000000000002
0.124
0.2686
0.1708
0.1023
0.1422
0.1177
0.1747
0.1552
0.11549999999999999
0.10490000000000002
0.1905
0.1288
0.08049999999999999
0.098
0.1613
0.1033
0.109
0.2138
0.23320000000000002
0.1577
0.11919999999999999
0.3139
0.4532
0.34890000000000004
0.39030000000000004
0.1804
0.2005
0.15819999999999998
0.08449999999999999
0.078
0.09050000000000001
""
0.1337
0.2054
0.37839999999999996
1.1787999999999998
1.8678
1.1876000000000002
0.5401
0.2942
0.2752
0.1452
0.1196
0.1359
0.14229999999999998
0.1072
0.11049999999999999
0.0959
0.0794
0.07419999999999999
0.0844
0.08839999999999999
0.0829
0.0927
0.1091
0.1345
0.13269999999999998
0.10999999999999999
0.11460000000000001
0.08299999999999999
0.08389999999999997
0.08130000000000001
0.11069999999999999
0.1375
0.3923
0.8555999999999999
1.0693
0.9738
0.6697
0.4554
0.2416
0.1503
0.21359999999999996
0.22089999999999999
0.1066
0.1002
0.1069
0.0996
0.09189999999999998
0.1114
0.1101
0.109
0.12169999999999999
0.1033
0.1329
0.11050000000000001
0.1524
0.12760000000000002
0.0945
0.09210000000000002
0.10969999999999999
0.10370000000000001
0.10590000000000001
0.13699999999999998
0.29309999999999997
0.29540000000000005
0.3839
0.5885
0.32780000000000004
0.33530000000000004
0.38280000000000003
0.2512
0.2058
0.264
0.2865
0.20040000000000002
0.2115
0.3252
0.2643
0.1824
0.08940000000000001
0.1051
0.10820000000000002
0.1063
0.13529999999999998
0.41880000000000006
0.6513
0.6625000000000001
0.9686
1.5577
2.8185000000000002
3.7165
4.208
4.6194
4.405
3.8606
3.4156000000000004
2.9738
1.7256
1.0508
0.4779
0.5963999999999999
0.7142999999999999
0.7156
0.5075000000000001
0.3499
0.2143
0.1502
0.26349999999999996
0.3588
0.244
0.2637
0.4243
0.5109
0.5836
0.3893
0.41940000000000005
0.2429
0.1847
0.10320000000000001
0.08990000000000001
0.1274
0.11419999999999998
0.0866
0.12390000000000001
0.09819999999999998
0.1825
0.08549999999999999
0.18850000000000003
0.1846
0.1175
0.32509999999999994
0.421
0.555
0.4031
0.603
0.48919999999999997
0.5524
0.6455
0.42269999999999996
0.29069999999999996
0.2646
0.41300000000000003
0.49
0.2229
0.22460000000000002
0.20350000000000001
0.15349999999999997
0.1358
0.12279999999999999
0.10949999999999999
0.1056
0.13829999999999998
0.1696
0.2304
0.1587
0.2168
0.2525
0.1984
0.20429999999999998
0.5496
0.8855999999999999
0.8029
0.7344999999999999
0.35229999999999995
0.372
0.4892000000000001
0.42200000000000004
0.1724
0.1326
0.1469
0.1269
0.09670000000000001
0.11380000000000001
0.0936
0.10949999999999999
0.0877
0.09660000000000002
0.1899
0.22669999999999998
0.10419999999999999
0.14190000000000003
0.2794
0.6837
1.3095
2.397
4.0204
