2.1665
0.8612
0.4457
0.25229999999999997
0.1018
0.08150000000000002
0.1553
0.26899999999999996
0.3097
0.359
0.5079
0.6652
0.5366
0.3456
0.1274
0.10670000000000002
0.0949
0.094
0.08349999999999999
0.09709999999999999
0.0728
0.0736
0.07150000000000001
0.08320000000000001
0.1984
0.13670000000000002
0.0774
0.067
0.0774
0.1481
0.08459999999999998
0.13
0.1921
0.13579999999999998
0.0875
0.11379999999999998
0.21749999999999997
0.1296
0.1091
0.1192
0.1126
0.11680000000000001
0.1634
0.145
0.0866
0.0953
0.1483
0.1026
0.0834
0.0996
0.11879999999999999
0.11199999999999999
0.11499999999999999
0.1306
0.19589999999999996
0.11099999999999999
0.1268
0.11800000000000002
0.1199
0.10880000000000001
0.10200000000000001
0.10830000000000001
0.07930000000000001
0.0731
0.0677
0.0643
0.066
0.06240000000000001
0.0611
0.0645
0.0621
0.0724
0.0654
0.0629
0.09209999999999999
0.126
0.15189999999999998
0.0877
0.0712
0.1076
0.149
0.1509
0.094
0.1617
0.1346
0.0978
0.1149
0.08650000000000002
0.0772
0.0702
0.0811
0.0653
0.0798
0.06470000000000001
0.0684
0.0738
0.0834
0.1263
0.1091
0.11599999999999999
0.217
0.21500000000000002
0.11240000000000001
0.1137
0.2055
0.18270000000000003
0.10569999999999999
0.1371
0.123
0.1603
0.1382
0.0979
0.10500000000000001
0.1723
0.10410000000000001
0.0798
0.1063
0.1883
0.08230000000000001
0.0933
0.2238
0.2874
0.14880000000000002
0.0882
0.17070000000000002
0.36379999999999996
0.31079999999999997
0.369
0.1313
0.1279
0.08760000000000001
0.08589999999999999
0.0756
0.0722
""
0.09709999999999999
0.15789999999999998
0.30410000000000004
0.9798
1.7395
1.2407
0.5683
0.2597
0.24739999999999998
0.18970000000000004
0.1415
0.1472
0.11280000000000001
0.0953
0.1015
0.0986
0.1027
0.0975
0.0928
0.1035
0.09709999999999999
0.0895
0.12329999999999999
0.1341
0.188
0.20640000000000003
0.164
0.093
0.0793
0.0773
0.08709999999999998
0.1152
0.3012
0.7771
1.0931
0.8724
0.6721
0.5362
0.2796
0.1475
0.191
0.18330000000000002
0.1064
0.1081
0.11889999999999998
0.11270000000000001
0.10289999999999999
0.11350000000000002
0.11810000000000001
0.1202
0.1185
0.10899999999999999
0.12289999999999998
0.1073
0.1399
0.12489999999999998
0.089
0.0834
0.08879999999999999
0.0898
0.1101
0.10869999999999999
0.19790000000000002
0.5838
0.5513
0.5365
0.3185
0.28369999999999995
0.38849999999999996
0.2142
0.1998
0.2264
0.2877
0.2137
0.22089999999999999
0.3157
0.2092
0.1537
0.09860000000000001
0.10169999999999998
0.09290000000000001
0.0885
0.094
0.16870000000000002
0.2792
0.3169
0.4482
0.8386
1.6214
1.092
1.9358000000000004
3.1348
3.2017999999999995
3.668
4.2214
4.659800000000001
4.7362
3.9701999999999997
3.7577999999999996
3.0955999999999992
3.0792
2.9647999999999994
2.6963999999999997
2.1115999999999997
2.9333
1.9383
1.1562
0.7384999999999999
0.6549
0.6132
0.4901
0.5182
0.33130000000000004
0.1982
0.1343
0.1456
0.20980000000000001
0.17809999999999998
0.1772
0.24460000000000004
0.3335
0.2953
0.2167
0.21750000000000003
0.1786
0.1215
0.09419999999999999
0.09129999999999999
0.1165
0.0819
0.08610000000000001
0.0806
0.08580000000000002
0.1052
0.08279999999999998
0.1129
0.1403
0.135
0.4552
0.4909
0.5341
0.481
0.9547000000000001
0.5818
0.5661
0.6076
0.48029999999999995
0.3023
0.2527
0.4756
0.5542
0.2299
0.2897
0.1467
0.119
0.1047
0.09899999999999999
0.09709999999999999
0.0984
0.1395
0.1881
0.1975
0.1353
0.16419999999999996
0.19139999999999996
0.1757
0.16640000000000002
0.28759999999999997
0.4526
0.47690000000000005
0.4638
0.2794
0.40009999999999996
0.6018
0.4535
0.1961
0.1496
0.1169
0.1164
0.104
0.09690000000000001
0.0909
0.09310000000000002
0.0882
0.09190000000000001
0.1654
0.20429999999999998
0.1059
0.159
0.42660000000000003
0.9883
1.8864
3.387600000000001
4.5434
