1.8496000000000001
0.8098
0.3821
0.3619
0.2509
0.1371
0.23420000000000002
0.32009999999999994
0.34930000000000005
0.43899999999999995
0.5448000000000001
0.6743
0.655
0.5578000000000001
0.37450000000000006
0.3427
0.3022
0.253
0.254
0.23370000000000002
0.14629999999999999
0.12249999999999998
0.09459999999999999
0.11579999999999999
0.24819999999999998
0.1714
0.0703
0.0585
0.056
0.06860000000000001
0.0603
0.1091
0.1884
0.0821
0.0791
0.09389999999999998
0.2553
0.1497
0.11639999999999999
0.1265
0.11049999999999999
0.1134
0.1535
0.1869
0.0917
0.1006
0.1472
0.12310000000000001
0.12069999999999999
0.1414
0.2337
0.33119999999999994
0.2994
0.3159
0.3739
0.3166
0.302
0.30410000000000004
0.2797
0.2878
0.24259999999999998
0.2541
0.21990000000000004
0.19979999999999998
0.1638
0.094
0.0814
0.0869
0.06
0.053599999999999995
0.0519
0.06130000000000001
0.0571
0.0551
0.08070000000000001
0.1212
0.1671
0.077
0.0804
0.1212
0.1754
0.17270000000000002
0.10339999999999999
0.2714
0.2589
0.2487
0.242
0.22999999999999998
0.2121
0.1654
0.1335
0.0968
0.06490000000000001
0.0598
0.061200000000000004
0.06570000000000001
0.09690000000000001
0.08709999999999998
0.06849999999999999
0.074
0.1565
0.1832
0.10709999999999999
0.07970000000000002
0.1814
0.1844
0.1295
0.1486
0.1258
0.1824
0.1447
0.1334
0.1371
0.19490000000000002
0.08979999999999999
0.0995
0.1324
0.1815
0.0843
0.1247
0.218
0.2792
0.2586
0.1303
0.13940000000000002
0.3213
0.22909999999999997
0.2989
0.1353
0.1916
0.253
0.177
0.1385
0.0958
""
0.11019999999999999
0.2061
0.3039
1.0594
1.7388
1.3706
0.6927
0.2993
0.19990000000000002
0.1391
0.1254
0.1487
0.12490000000000001
0.094
0.09519999999999999
0.0998
0.1469
0.1582
0.17519999999999997
0.1669
0.1276
0.1603
0.2011
0.22880000000000006
0.24860000000000004
0.2798
0.2377
0.178
0.1013
0.09870000000000001
0.1421
0.2104
0.4485
1.4785000000000001
2.173
1.8991
1.5096
1.0777999999999999
0.6133
0.2822
0.17319999999999997
0.19979999999999998
0.10769999999999999
0.1091
0.13490000000000002
0.1437
0.10560000000000001
0.1329
0.1419
0.1314
0.1597
0.1801
0.1671
0.1503
0.1785
0.1643
0.1465
0.14379999999999998
0.12990000000000002
0.1467
0.1735
0.18750000000000003
0.28279999999999994
0.47950000000000004
0.5957000000000001
0.6148
0.3869
0.31039999999999995
0.3519
0.2047
0.1602
0.1522
0.1629
0.1404
0.1634
0.2452
0.1985
0.1437
0.10299999999999998
0.1343
0.1267
0.18130000000000002
0.19230000000000003
0.3045
0.42490000000000006
0.5374
0.7628999999999999
1.4293
2.7138999999999998
""
""
""
""
""
""
""
""
""
""
""
""
""
""
""
""
""
1.7572999999999999
1.0744
1.0507
0.8416999999999999
0.7016
0.5779
0.3529
0.1664
0.152
0.1923
0.2157
0.1693
0.2414
0.40759999999999996
0.47420000000000007
0.44809999999999994
0.23299999999999998
0.217
0.20639999999999997
0.21500000000000002
0.1493
0.1782
0.1794
0.15760000000000002
0.16670000000000001
0.1545
0.173
0.1736
0.1313
0.16649999999999998
0.1592
0.1192
0.5888
0.8101
0.9614999999999998
0.9002
1.2533999999999998
0.9818
0.9128000000000001
1.0162
1.1569
1.1689
0.9306000000000001
1.0732
1.2085
0.8291000000000002
0.7414999999999999
0.44910000000000005
0.43069999999999997
0.37060000000000004
0.35309999999999997
0.3001
0.25470000000000004
0.31999999999999995
0.4184
0.4265
0.3356
0.33710000000000007
0.33740000000000003
0.3329
0.29209999999999997
0.4475
0.6294000000000001
0.6047
0.5268
0.29119999999999996
0.32489999999999997
0.4884
0.443
0.20379999999999998
0.2284
0.23759999999999998
0.2143
0.1856
0.2391
0.23829999999999996
0.23450000000000001
0.20990000000000003
0.22979999999999998
0.29410000000000003
0.32130000000000003
0.27549999999999997
0.4143
0.8508
1.7952
2.5129
3.3095
4.0054
