2.3532
0.9031
0.5088
0.2813
0.1559
0.1462
0.31020000000000003
0.2732
0.315
0.4149999999999999
0.4776
0.5976999999999999
0.5213
0.4336
0.262
0.2413
0.17759999999999998
0.13419999999999999
0.1402
0.1368
0.1115
0.1052
0.1474
0.1157
0.20679999999999998
0.15360000000000001
0.1358
0.0897
0.16979999999999998
0.16809999999999997
0.121
0.2065
0.3269
0.2031
0.1543
0.1754
0.2816
0.18069999999999997
0.19660000000000005
0.19440000000000002
0.1693
0.14550000000000002
0.2022
0.1875
0.1475
0.2004
0.2481
0.1856
0.18159999999999998
0.19039999999999999
0.22299999999999998
0.2188
0.2437
0.2153
0.2792
0.2661
0.2742
0.25360000000000005
0.1941
0.17579999999999998
0.16620000000000001
0.17420000000000002
0.1147
0.12819999999999998
0.0897
0.0802
0.124
0.11529999999999999
0.0882
0.08700000000000001
0.09889999999999999
0.1506
0.1308
0.1158
0.1555
0.21399999999999997
0.1461
0.11779999999999999
0.10090000000000002
0.2041
0.22139999999999999
0.19669999999999999
0.1369
0.2702
0.2281
0.2059
0.28049999999999997
0.19140000000000001
0.1308
0.1063
0.1017
0.11429999999999998
0.1512
0.1008
0.0885
0.11069999999999999
0.1202
0.1255
0.1192
0.16749999999999998
0.2429
0.22130000000000005
0.1419
0.21380000000000005
0.3146
0.2529
0.19740000000000002
0.2132
0.14830000000000002
0.17859999999999998
0.1436
0.1809
0.1322
0.24219999999999997
0.17900000000000002
0.0986
0.1199
0.17750000000000002
0.1119
0.14129999999999998
0.2405
0.3295
0.2869
0.1751
0.22400000000000003
0.41759999999999997
0.31600000000000006
0.5184
0.2561
0.27599999999999997
0.23099999999999998
0.1881
0.18529999999999996
0.15710000000000002
""
0.2349
0.4155
0.3698
0.9236
1.6371
1.0459
0.5669000000000001
0.3472
0.26630000000000004
0.18419999999999997
0.1774
0.17719999999999997
0.1669
0.1328
0.0952
0.0978
0.1285
0.179
0.13149999999999998
0.12739999999999999
0.11400000000000002
0.2022
0.2994
0.2787
0.2228
0.2265
0.20029999999999998
0.20690000000000003
0.1372
0.1567
0.2639
0.47119999999999995
0.7444999999999999
1.7775000000000003
2.6778000000000004
2.5451999999999995
2.0795
1.4969999999999999
0.8496000000000001
0.44000000000000006
0.24109999999999998
0.2632
0.15230000000000002
0.1092
0.11410000000000001
0.12310000000000001
0.10010000000000002
0.10540000000000002
0.1318
0.1449
0.20320000000000002
0.227
0.21830000000000002
0.15489999999999998
0.17559999999999998
0.1505
0.1372
0.1324
0.1886
0.2337
0.307
0.2773
0.43489999999999995
0.8081
1.0577999999999999
1.0176
0.5714
0.3827
0.4314
0.23159999999999997
0.1642
0.1676
0.1707
0.134
0.1755
0.2023
0.20550000000000002
0.22510000000000002
0.12079999999999999
0.1362
0.1427
0.2126
0.34650000000000003
0.6848
0.9167000000000001
0.9248000000000001
1.4064
2.2617
3.4472000000000005
4.5725
""
""
""
""
""
""
""
""
""
""
""
""
""
""
""
""
1.3124
0.8453999999999999
0.8001
0.6278
0.4987999999999999
0.35430000000000006
0.2154
0.155
0.1441
0.13229999999999997
0.1672
0.1874
0.1941
0.29080000000000006
0.38420000000000004
0.42700000000000005
0.262
0.2611
0.24480000000000002
0.2101
0.1535
0.126
0.13
0.1352
0.1251
0.19590000000000002
0.1769
0.2521
0.1311
0.2212
0.19029999999999997
0.21399999999999997
0.5933
0.6309
0.6949
0.6638
1.0777
0.6667000000000001
0.49250000000000005
0.6024
0.4824
0.3352
0.4163
0.6426
0.7548000000000001
0.45899999999999996
0.3809
0.31229999999999997
0.24480000000000002
0.19529999999999997
0.179
0.1968
0.1976
0.2758
0.3885
0.39670000000000005
0.3003
0.3295
0.3315
0.21600000000000003
0.21090000000000003
0.5244
0.8238999999999999
0.8477999999999999
0.7523
0.3175
0.38000000000000006
0.5534
0.4774
0.2753
0.20729999999999998
0.16059999999999997
0.13319999999999999
0.10370000000000001
0.0868
0.10569999999999999
0.0978
0.1653
0.1305
0.2369
0.2475
0.1336
0.2228
0.46499999999999997
1.057
1.7306000000000001
3.1193999999999997
