2.4355
1.2917
0.6855
0.40280000000000005
0.22650000000000003
0.12310000000000001
0.249
0.3666999999999999
0.46699999999999997
0.5163000000000001
0.6289
0.7418
0.6984
0.5159
0.3306
0.28190000000000004
0.244
0.2365
0.22360000000000002
0.16949999999999998
0.1146
0.11850000000000001
0.08180000000000001
0.11050000000000001
0.2811
0.18270000000000003
0.088
0.07239999999999999
0.136
0.1164
0.07189999999999999
0.13870000000000002
0.22240000000000004
0.1273
0.0968
0.1073
0.23520000000000002
0.1663
0.12919999999999998
0.1378
0.1315
0.1232
0.1759
0.1434
0.08779999999999999
0.1184
0.19
0.1996
0.18880000000000002
0.18919999999999998
0.23210000000000003
0.27080000000000004
0.2814
0.26180000000000003
0.3649000000000001
0.3036
0.2956
0.2895
0.2959
0.32030000000000003
0.2248
0.23399999999999999
0.1764
0.1424
0.12360000000000002
0.0822
0.0873
0.0925
0.0769
0.06949999999999999
0.07179999999999999
0.0777
0.0705
0.07369999999999999
0.128
0.1522
0.15119999999999997
0.121
0.09010000000000001
0.12109999999999999
0.1784
0.204
0.133
0.3071
0.269
0.3115
0.3135
0.19640000000000002
0.17660000000000003
0.1546
0.1359
0.1184
0.11220000000000001
0.10039999999999999
0.08400000000000002
0.08940000000000001
0.1004
0.1242
0.0843
0.0866
0.1851
0.1905
0.12090000000000001
0.1048
0.2101
0.1586
0.11399999999999999
0.19039999999999999
0.2167
0.2489
0.1538
0.1512
0.1256
0.2001
0.1498
0.1263
0.1479
0.2152
0.1361
0.15560000000000002
0.2682
0.29100000000000004
0.2994
0.1776
0.21509999999999999
0.3705
0.2499
0.2998
0.196
0.19779999999999998
0.1856
0.16499999999999998
0.20950000000000002
0.21610000000000001
""
0.16449999999999998
0.3677
0.38339999999999996
0.7593
1.5509999999999997
0.9484000000000001
0.4554
0.2809
0.2587
0.14579999999999999
0.12400000000000001
0.1682
0.17160000000000003
0.10550000000000001
0.1621
0.1664
0.15539999999999998
0.16910000000000003
0.1921
0.20579999999999998
0.18419999999999997
0.21609999999999996
0.2525
0.2823
0.27469999999999994
0.2701
0.2609
0.23149999999999998
0.1647
0.1614
0.2229
0.3438
0.49029999999999996
1.1208
1.4412000000000003
1.3873
0.9367000000000001
0.7052
0.42500000000000004
0.2044
0.204
0.21130000000000004
0.1225
0.1197
0.134
0.1393
0.1294
0.13390000000000002
0.1642
0.1776
0.2146
0.2375
0.2108
0.1744
0.1757
0.22210000000000002
0.19169999999999998
0.18919999999999998
0.2198
0.2542
0.2632
0.3272999999999999
0.429
0.7005
0.7589
0.9238999999999999
0.5036
0.3198
0.38530000000000003
0.21290000000000003
0.1564
0.2609
0.24489999999999998
0.15839999999999999
0.18209999999999998
0.23479999999999998
0.2428
0.2355
0.1577
0.1805
0.1714
0.1849
0.192
0.34780000000000005
0.48619999999999997
0.5109
0.6686000000000001
1.3510000000000002
2.3327999999999998
3.2429
4.2726
""
""
""
""
""
""
""
""
""
""
""
""
""
""
3.4086
3.3166
2.4865
2.3032000000000004
1.8264
1.5918999999999999
1.2665000000000002
0.6028
0.3879
0.2537
0.2178
0.26439999999999997
0.2257
0.2673
0.39059999999999995
0.4134
0.45330000000000004
0.2596
0.24920000000000003
0.23339999999999997
0.213
0.1462
0.18370000000000003
0.18309999999999998
0.1809
0.1544
0.13349999999999998
0.1073
0.17429999999999998
0.0935
0.1265
0.14600000000000002
0.11349999999999999
0.44389999999999996
0.4831
0.5649
0.3871000000000001
0.7201
0.5382
0.3485
0.5213
0.5492
0.4567
0.4327
0.6657
0.7262
0.4741000000000001
0.4321
0.3631
0.3083
0.2586
0.2258
0.1926
0.1994
0.2798
0.35700000000000004
0.3086
0.25920000000000004
0.3167
0.3943
0.3403
0.2679
0.4337
0.6222000000000001
0.641
0.5157
0.2828
0.41330000000000006
0.5396000000000001
0.4565999999999999
0.23940000000000003
0.2082
0.2518
0.2128
0.1384
0.1754
0.1771
0.16599999999999998
0.18370000000000003
0.2212
0.33329999999999993
0.32820000000000005
0.23629999999999998
0.3718
0.5806
1.0494999999999999
1.6609000000000003
2.6100000000000003
3.1500000000000004
