1.7221
0.735
0.2752
0.17770000000000002
0.065
0.0656
0.12039999999999998
0.14429999999999998
0.22200000000000003
0.2004
0.27790000000000004
0.3877999999999999
0.3286
0.2913
0.09000000000000001
0.0627
0.061200000000000004
0.0499
0.051500000000000004
0.09590000000000001
0.045700000000000005
0.0436
0.0444
0.0529
0.1922
0.1147
0.08779999999999999
0.0503
0.1412
0.1185
0.0539
0.10320000000000001
0.1555
0.05679999999999999
0.0529
0.060700000000000004
0.1615
0.0644
0.0628
0.0715
0.07629999999999999
0.06439999999999999
0.09880000000000001
0.06599999999999999
0.0509
0.0742
0.1023
0.05679999999999999
0.04999999999999999
0.0681
0.0922
0.0655
0.0666
0.07629999999999999
0.1286
0.0827
0.08589999999999999
0.0669
0.061799999999999994
0.059300000000000005
0.0542
0.0569
0.048299999999999996
0.04530000000000001
0.0437
0.043699999999999996
0.0514
0.0443
0.0412
0.0387
0.0416
0.057600000000000005
0.0796
0.046700000000000005
0.0762
0.08700000000000001
0.10599999999999998
0.0726
0.049300000000000004
0.05739999999999999
0.09419999999999999
0.10269999999999999
0.05249999999999999
0.1083
0.0619
0.06459999999999999
0.0864
0.052
0.048499999999999995
0.0445
0.0432
0.04569999999999999
0.0427
0.04200000000000001
0.0442
0.043800000000000006
0.0554
0.0898
0.07839999999999998
0.1054
0.1517
0.13540000000000002
0.0816
0.0831
0.16549999999999998
0.1158
0.0663
0.0778
0.058800000000000005
0.0659
0.054400000000000004
0.07289999999999999
0.057800000000000004
0.1036
0.0558
0.0511
0.063
0.11560000000000002
0.0561
0.0659
0.1134
0.1422
0.1504
0.08480000000000001
0.1332
0.22960000000000003
0.2588
0.2818
0.12769999999999998
0.1114
0.0756
0.0538
0.0505
0.0528
""
0.0832
0.2586
0.26739999999999997
0.8921
1.8226999999999998
1.2222
0.4565999999999999
0.1617
0.1366
0.1002
0.06630000000000001
0.0703
0.0582
0.051500000000000004
0.051699999999999996
0.05429999999999999
0.051699999999999996
0.0494
0.0538
0.0553
0.052099999999999994
0.0538
0.06080000000000001
0.07060000000000001
0.0913
0.1162
0.09809999999999999
0.0553
0.04909999999999999
0.049
0.0634
0.1217
0.5152
1.6583
2.1947
1.8343000000000003
1.4421
0.7131
0.3601
0.1048
0.08180000000000001
0.1003
0.062099999999999995
0.05990000000000001
0.0673
0.062099999999999995
0.058399999999999994
0.0645
0.0689
0.0688
0.06899999999999999
0.060899999999999996
0.0665
0.059899999999999995
0.06870000000000001
0.0661
0.0538
0.05249999999999999
0.05210000000000001
0.0557
0.0596
0.07819999999999999
0.2404
0.7738
1.5548000000000002
1.4311000000000003
0.8866
0.2874
0.20729999999999998
0.1023
0.0679
0.0872
0.0704
0.0624
0.061200000000000004
0.0664
0.0662
0.0641
0.056499999999999995
0.05399999999999999
0.0532
0.052799999999999986
0.056900000000000006
0.17910000000000004
0.3073
0.3103
0.4206
1.0272000000000001
2.0304
3.0676000000000005
4.392200000000001
""
""
""
""
""
""
""
""
""
""
""
""
""
""
2.5423999999999998
1.5481
0.7996000000000001
0.7167999999999999
0.7229000000000001
0.7159
0.45730000000000004
0.24309999999999998
0.1036
0.0789
0.0745
0.07490000000000001
0.06409999999999999
0.06620000000000001
0.096
0.11130000000000001
0.08460000000000001
0.06680000000000001
0.0872
0.10350000000000001
0.0606
0.0547
0.0601
0.0654
0.0492
0.0492
0.051699999999999996
0.051500000000000004
0.0659
0.0498
0.0651
0.09010000000000001
0.07450000000000001
0.35629999999999995
0.4001
0.4829
0.3343999999999999
0.8264
0.4063
0.4021
0.4415
0.32189999999999996
0.2414
0.1894
0.271
0.2763
0.143
0.23410000000000003
0.1434
0.0756
0.0553
0.060399999999999995
0.062099999999999995
0.0595
0.0697
0.08449999999999999
0.1347
0.072
0.1245
0.1254
0.09559999999999999
0.0774
0.20889999999999997
0.34640000000000004
0.33930000000000005
0.3417
0.11629999999999999
0.1199
0.3284
0.27059999999999995
0.0727
0.0674
0.061700000000000005
0.06
0.05489999999999999
0.053
0.0537
0.0579
0.0542
0.052899999999999996
0.0701
0.09670000000000001
0.0591
0.0735
0.2343
0.8794000000000001
2.0264
3.5312
4.3952
