3.2600000000000002
1.81385
1.0695000000000001
0.5568500000000001
0.3255999999999999
0.18425
0.13225
0.29915
0.36105
0.4207
0.44725000000000004
0.5768500000000001
0.7203999999999999
0.71705
0.6071500000000001
0.30275
0.2522
0.2179
0.16785
0.1447
0.14759999999999998
0.08185
0.08454999999999999
0.08165
0.10165
0.25639999999999996
0.17295
0.0906
0.0721
0.08725
0.1109
0.08854999999999999
0.13269999999999998
0.2015
0.12405
0.12289999999999998
0.1379
0.2579
0.20155
0.201
0.281
0.26195
0.2409
0.32465
0.2894
0.1507
0.17804999999999999
0.23000000000000004
0.2002
0.19445
0.21180000000000002
0.26905
0.2872
0.3005
0.36405
0.43865
0.304
0.3012
0.38839999999999997
0.404
0.3796
0.21034999999999998
0.223
0.19185000000000002
0.12425
0.0927
0.08480000000000001
0.10994999999999999
0.0771
0.06925
0.06795
0.0664
0.0711
0.08334999999999998
0.0904
0.14300000000000002
0.15860000000000002
0.2015
0.18724999999999997
0.11209999999999999
0.13924999999999998
0.18070000000000003
0.15764999999999998
0.12805
0.29305
0.2688
0.3122
0.34484999999999993
0.16369999999999998
0.14275000000000002
0.10275
0.09545
0.0906
0.09034999999999999
0.08595
0.0719
0.07485
0.0772
0.09844999999999998
0.0781
0.07655
0.09535
0.09779999999999998
0.0859
0.10665000000000001
0.20149999999999998
0.1622
0.15575
0.2022
0.196
0.23754999999999998
0.15825
0.13240000000000002
0.1354
0.2061
0.11215
0.11585000000000001
0.13194999999999998
0.2016
0.1443
0.18224999999999997
0.30515000000000003
0.26085
0.257
0.15075
0.1935
0.31495000000000006
0.2394
0.3112
0.18145
0.17909999999999998
0.15184999999999998
0.12695
0.12494999999999999
0.13640000000000002
""
0.18395
0.30995
0.32265
0.6889500000000002
1.5677000000000003
1.0367
0.43679999999999997
0.23634999999999995
0.2272
0.14165
0.1515
0.16749999999999998
0.15949999999999998
0.12405
0.13405
0.1495
0.14204999999999998
0.1386
0.17714999999999997
0.20970000000000003
0.16485
0.18770000000000003
0.29525
0.41535
0.3953
0.33509999999999995
0.21765
0.1648
0.13645000000000002
0.1386
0.16904999999999998
0.19905
0.52445
1.42515
2.2302500000000003
2.0419
1.5023499999999999
1.11245
0.5566
0.25360000000000005
0.20199999999999999
0.19944999999999996
0.13335000000000002
0.13974999999999999
0.17370000000000002
0.1786
0.1671
0.20815
0.25555
0.23470000000000002
0.25539999999999996
0.2278
0.25139999999999996
0.20725
0.22995000000000002
0.20565
0.1654
0.159
0.16559999999999997
0.16935
0.17425
0.30775
0.6831499999999999
1.3241999999999998
1.88035
1.7292
1.1571
0.7034
0.48750000000000004
0.2303
0.2092
0.26894999999999997
0.25065000000000004
0.15425
0.16349999999999998
0.24095
0.2435
0.25284999999999996
0.15554999999999997
0.17735
0.18005
0.1971
0.2219
0.46615000000000006
0.7530000000000001
0.8842
1.3255
1.83675
3.0702499999999997
4.2251
4.4768
""
""
""
""
""
""
""
""
""
""
""
""
""
""
""
4.20665
3.20815
2.7390999999999996
2.5558499999999995
2.1073999999999997
1.91005
1.2570999999999999
0.8926999999999998
0.7031000000000001
0.6085
0.5711499999999999
0.3859
0.41015
0.5032
0.49985
0.52265
0.32615000000000005
0.33955
0.3105
0.22344999999999998
0.19834999999999997
0.16
0.1647
0.14075000000000001
0.12465000000000001
0.1157
0.11715
0.14915
0.10450000000000001
0.1457
0.1398
0.1225
0.34930000000000005
0.42265
0.6496500000000001
0.64775
1.2199999999999998
0.9417
0.9537500000000001
1.0671
1.1532499999999999
1.1556499999999998
1.2155
1.5137
1.6534
1.2017499999999999
1.0566
0.83595
0.5850500000000001
0.2885
0.2762
0.32995
0.3575
0.4204
0.615
0.7672999999999999
0.7818
0.81525
1.1195
1.1747
1.1852
1.3271
1.5352999999999999
1.5362999999999998
1.5426000000000002
1.15275
1.11195
0.94835
0.7610000000000001
0.47835000000000005
0.3909
0.40090000000000003
0.35225
0.2606
0.25925000000000004
0.26070000000000004
0.268
0.18395
0.17519999999999997
0.22945
0.27585000000000004
0.16454999999999997
0.2268
0.47084999999999994
0.8470500000000001
1.3609
2.31725
3.112
