2.1012000000000004
1.1282999999999999
0.45899999999999996
0.246
0.1076
0.09290000000000001
0.1743
0.22559999999999997
0.3468
0.33729999999999993
0.4646
0.6299
0.6867999999999999
0.5111
0.1754
0.10870000000000002
0.10419999999999999
0.08829999999999999
0.0884
0.1257
0.08279999999999998
0.08099999999999999
0.0812
0.10700000000000001
0.36060000000000003
0.23090000000000002
0.12410000000000002
0.0955
0.20070000000000002
0.2181
0.0814
0.14450000000000002
0.1916
0.0965
0.0922
0.1132
0.2177
0.1471
0.139
0.1982
0.15660000000000002
0.1506
0.17829999999999996
0.1318
0.09240000000000001
0.10980000000000001
0.1518
0.1124
0.1065
0.1246
0.1626
0.1486
0.14279999999999998
0.11910000000000001
0.1579
0.1189
0.12040000000000001
0.1153
0.1164
0.1139
0.09570000000000001
0.0927
0.0831
0.0814
0.0768
0.077
0.0897
0.09740000000000001
0.0802
0.0764
0.07379999999999999
0.119
0.118
0.08940000000000001
0.13280000000000003
0.1965
0.23149999999999998
0.153
0.09010000000000001
0.1233
0.16349999999999998
0.1235
0.0821
0.13319999999999999
0.1313
0.1268
0.1449
0.1026
0.08349999999999999
0.0738
0.0722
0.0738
0.0751
0.07640000000000001
0.08029999999999998
0.0829
0.095
0.1219
0.11960000000000001
0.1329
0.2079
0.18569999999999998
0.1264
0.149
0.22260000000000002
0.16699999999999998
0.1246
0.1394
0.12230000000000002
0.1344
0.10389999999999999
0.1128
0.1031
0.1446
0.0929
0.10339999999999999
0.12
0.18580000000000002
0.0947
0.11029999999999998
0.20190000000000002
0.23009999999999997
0.24400000000000002
0.1266
0.3013
0.47650000000000003
0.48140000000000005
0.49659999999999993
0.21359999999999996
0.17020000000000002
0.14250000000000002
0.10239999999999999
0.08709999999999998
0.09819999999999998
""
0.1313
0.2903
0.3268
0.9396
1.5431
1.0722
0.5278
0.34619999999999995
0.2973
0.1755
0.1176
0.1424
0.132
0.10360000000000001
0.0992
0.1061
0.09720000000000001
0.0923
0.1009
0.10550000000000001
0.0965
0.10769999999999999
0.123
0.13269999999999998
0.18779999999999997
0.15849999999999997
0.1365
0.1071
0.09509999999999999
0.0975
0.1678
0.3438
0.7028999999999999
2.2323
3.1059
3.046
2.6853999999999996
2.0475999999999996
1.2157
0.4508
0.21090000000000003
0.152
0.11449999999999999
0.11539999999999997
0.12380000000000002
0.11929999999999999
0.11050000000000001
0.12229999999999999
0.13690000000000002
0.131
0.1359
0.12689999999999999
0.12329999999999999
0.10989999999999998
0.1172
0.12040000000000001
0.10139999999999999
0.09819999999999998
0.1081
0.147
0.16849999999999998
0.5226999999999999
1.1796
2.0008
2.6904
2.7378
2.5864000000000003
2.0286
1.7529
1.434
1.2465000000000002
0.6845
0.2713
0.12969999999999998
0.1221
0.1529
0.14040000000000002
0.11939999999999999
0.1079
0.1021
0.1045
0.10999999999999999
0.1363
0.4173
0.7639
0.7774000000000001
1.1097
1.7891
2.9261999999999997
3.8370000000000006
4.7284
""
""
""
""
""
""
""
""
""
""
""
""
""
""
3.9392000000000005
4.100999999999999
3.4812
2.7910000000000004
2.4725
2.0816999999999997
1.5450000000000004
0.9245000000000001
0.42510000000000003
0.2345
0.25260000000000005
0.24920000000000003
0.2042
0.17169999999999996
0.3008
0.3353
0.2581
0.14550000000000002
0.1539
0.14739999999999998
0.1108
0.1031
0.1013
0.1043
0.09280000000000002
0.09639999999999999
0.0993
0.1006
0.13749999999999998
0.09920000000000001
0.12660000000000002
0.14300000000000002
0.11620000000000003
0.36650000000000005
0.5495
0.8197
0.8616999999999999
1.3108999999999997
0.9284999999999999
0.987
1.0615999999999999
0.9143
0.9095
0.9864999999999999
1.1094
1.1166
0.6984999999999999
0.6112
0.4276
0.25170000000000003
0.1513
0.1476
0.14100000000000001
0.15789999999999998
0.1814
0.20130000000000003
0.26
0.20520000000000005
0.2147
0.25780000000000003
0.23149999999999998
0.1722
0.30820000000000003
0.4925999999999999
0.5286
0.5569000000000001
0.2952
0.2863
0.45499999999999996
0.4387
0.1736
0.13640000000000002
0.1368
0.1179
0.09920000000000001
0.09499999999999997
0.0937
0.10089999999999999
0.0949
0.0927
0.125
0.1469
0.1052
0.12090000000000001
0.2496
0.9101000000000001
1.7691
2.8022
3.9204
